100000000000000000000000000000
000000000010000000000000000000
100000000000000000000000000000
000000000000000000000000000001
000000000000000000000000000000
0000000000000000000000200000000
000000000000000000000000000000
000000000000000100000000000000
000000000000000000001000000000
000000000000000000011100000000
000000000000000000011000000100
000000000000000000001000000010
000000000000000010000000000000
000000000000000001000000000001
000000000000000001000000000000
000000000000000010000000000000
000000000000000000000000110000
000000000000001111111111111111
000000000000001111111111111111
100000000000001111111111111111
100000000000001111111111111111
100000000000001111111111111111
100000000000000000000000000000
100000000000000010000000000000
000000000000000001000000000000
000000000000000001000000000000
000000000000000010000000110000